image: bbb3912.pgm
resolution: 0.050000
origin: [-7.763447, -14.763568, 0.000000]
negate: 0
occupied_thresh: 0.65
free_thresh: 0.196

