image: icra_finalroom_1_keepout.pgm
resolution: 0.050000
origin: [-1.218929, -8.825138, 0.000000]
negate: 0
occupied_thresh: 0.65
free_thresh: 0.196

