image: icra_room3.pgm
resolution: 0.050000
origin: [-12.220722, -10.172822, 0.000000]
negate: 0
occupied_thresh: 0.65
free_thresh: 0.196

