image: icra_onebedroom1_keepout.pgm
resolution: 0.050000
origin: [-3.182810, -2.430856, 0.000000]
negate: 0
occupied_thresh: 0.65
free_thresh: 0.196

